{
 "cells": [
  {
   "cell_type": "markdown",
   "metadata": {},
   "source": [
    "# Problem Statement\n",
    "### Context\n",
    "The Boston Housing Dataset is a derived from information collected by the U.S. Census Service concerning housing in the area of Boston MA.\n",
    "\n",
    "### Content\n",
    "Each record in the database describes a Boston suburb or town. The data was drawn from the Boston Standard Metropolitan Statistical Area (SMSA) in 1970. The attributes are deﬁned as follows (taken from the UCI Machine Learning Repository1):\n",
    "\n",
    "##### CRIM: per capita crime rate by town\n",
    "##### ZN: proportion of residential land zoned for lots over 25,000 sq.ft.\n",
    "##### INDUS: proportion of non-retail business acres per town\n",
    "##### CHAS: Charles River dummy variable (= 1 if tract bounds river; 0 otherwise)\n",
    "##### NOX: nitric oxides concentration (parts per 10 million)\n",
    "##### RM: average number of rooms per dwelling\n",
    "##### AGE: proportion of owner-occupied units built prior to 1940\n",
    "##### DIS: weighted distances to ﬁve Boston employment centers\n",
    "##### RAD: index of accessibility to radial highways\n",
    "##### TAX: full-value property-tax rate per USD 10,000\n",
    "##### PTRATIO: pupil-teacher ratio by town\n",
    "##### B: 1000(Bk−0.63)2 where Bk is the proportion of blacks by town\n",
    "##### LSTAT: % lower status of the population\n",
    "##### MEDV: Median value of owner-occupied homes in USD 1000s #### We can see that the input attributes have a mixture of units.\n",
    "### To do:\n",
    "Predict the monetary value of a house"
   ]
  },
  {
   "cell_type": "code",
   "execution_count": 1,
   "metadata": {},
   "outputs": [],
   "source": [
    "import numpy as np\n",
    "import pandas as pd\n",
    "import seaborn as sns\n",
    "import matplotlib.pyplot as plt\n",
    "import warnings\n",
    "warnings.filterwarnings('ignore')"
   ]
  },
  {
   "cell_type": "code",
   "execution_count": 2,
   "metadata": {},
   "outputs": [],
   "source": [
    "pd.set_option('display.max_columns', None)"
   ]
  },
  {
   "cell_type": "code",
   "execution_count": 3,
   "metadata": {},
   "outputs": [
    {
     "name": "stdout",
     "output_type": "stream",
     "text": [
      "(506, 14)\n"
     ]
    },
    {
     "data": {
      "text/html": [
       "<div>\n",
       "<style scoped>\n",
       "    .dataframe tbody tr th:only-of-type {\n",
       "        vertical-align: middle;\n",
       "    }\n",
       "\n",
       "    .dataframe tbody tr th {\n",
       "        vertical-align: top;\n",
       "    }\n",
       "\n",
       "    .dataframe thead th {\n",
       "        text-align: right;\n",
       "    }\n",
       "</style>\n",
       "<table border=\"1\" class=\"dataframe\">\n",
       "  <thead>\n",
       "    <tr style=\"text-align: right;\">\n",
       "      <th></th>\n",
       "      <th>CRIM</th>\n",
       "      <th>ZN</th>\n",
       "      <th>INDUS</th>\n",
       "      <th>CHAS</th>\n",
       "      <th>NOX</th>\n",
       "      <th>RM</th>\n",
       "      <th>AGE</th>\n",
       "      <th>DIS</th>\n",
       "      <th>RAD</th>\n",
       "      <th>TAX</th>\n",
       "      <th>PTRATIO</th>\n",
       "      <th>B</th>\n",
       "      <th>LSTAT</th>\n",
       "      <th>MEDV</th>\n",
       "    </tr>\n",
       "  </thead>\n",
       "  <tbody>\n",
       "    <tr>\n",
       "      <td>0</td>\n",
       "      <td>0.00632</td>\n",
       "      <td>18.0</td>\n",
       "      <td>2.31</td>\n",
       "      <td>0.0</td>\n",
       "      <td>0.538</td>\n",
       "      <td>6.575</td>\n",
       "      <td>65.2</td>\n",
       "      <td>4.0900</td>\n",
       "      <td>1</td>\n",
       "      <td>296</td>\n",
       "      <td>15.3</td>\n",
       "      <td>396.90</td>\n",
       "      <td>4.98</td>\n",
       "      <td>24.0</td>\n",
       "    </tr>\n",
       "    <tr>\n",
       "      <td>1</td>\n",
       "      <td>0.02731</td>\n",
       "      <td>0.0</td>\n",
       "      <td>7.07</td>\n",
       "      <td>0.0</td>\n",
       "      <td>0.469</td>\n",
       "      <td>6.421</td>\n",
       "      <td>78.9</td>\n",
       "      <td>4.9671</td>\n",
       "      <td>2</td>\n",
       "      <td>242</td>\n",
       "      <td>17.8</td>\n",
       "      <td>396.90</td>\n",
       "      <td>9.14</td>\n",
       "      <td>21.6</td>\n",
       "    </tr>\n",
       "    <tr>\n",
       "      <td>2</td>\n",
       "      <td>0.02729</td>\n",
       "      <td>0.0</td>\n",
       "      <td>7.07</td>\n",
       "      <td>0.0</td>\n",
       "      <td>0.469</td>\n",
       "      <td>7.185</td>\n",
       "      <td>61.1</td>\n",
       "      <td>4.9671</td>\n",
       "      <td>2</td>\n",
       "      <td>242</td>\n",
       "      <td>17.8</td>\n",
       "      <td>392.83</td>\n",
       "      <td>4.03</td>\n",
       "      <td>34.7</td>\n",
       "    </tr>\n",
       "    <tr>\n",
       "      <td>3</td>\n",
       "      <td>0.03237</td>\n",
       "      <td>0.0</td>\n",
       "      <td>2.18</td>\n",
       "      <td>0.0</td>\n",
       "      <td>0.458</td>\n",
       "      <td>6.998</td>\n",
       "      <td>45.8</td>\n",
       "      <td>6.0622</td>\n",
       "      <td>3</td>\n",
       "      <td>222</td>\n",
       "      <td>18.7</td>\n",
       "      <td>394.63</td>\n",
       "      <td>2.94</td>\n",
       "      <td>33.4</td>\n",
       "    </tr>\n",
       "    <tr>\n",
       "      <td>4</td>\n",
       "      <td>0.06905</td>\n",
       "      <td>0.0</td>\n",
       "      <td>2.18</td>\n",
       "      <td>0.0</td>\n",
       "      <td>0.458</td>\n",
       "      <td>7.147</td>\n",
       "      <td>54.2</td>\n",
       "      <td>6.0622</td>\n",
       "      <td>3</td>\n",
       "      <td>222</td>\n",
       "      <td>18.7</td>\n",
       "      <td>396.90</td>\n",
       "      <td>NaN</td>\n",
       "      <td>36.2</td>\n",
       "    </tr>\n",
       "  </tbody>\n",
       "</table>\n",
       "</div>"
      ],
      "text/plain": [
       "      CRIM    ZN  INDUS  CHAS    NOX     RM   AGE     DIS  RAD  TAX  PTRATIO  \\\n",
       "0  0.00632  18.0   2.31   0.0  0.538  6.575  65.2  4.0900    1  296     15.3   \n",
       "1  0.02731   0.0   7.07   0.0  0.469  6.421  78.9  4.9671    2  242     17.8   \n",
       "2  0.02729   0.0   7.07   0.0  0.469  7.185  61.1  4.9671    2  242     17.8   \n",
       "3  0.03237   0.0   2.18   0.0  0.458  6.998  45.8  6.0622    3  222     18.7   \n",
       "4  0.06905   0.0   2.18   0.0  0.458  7.147  54.2  6.0622    3  222     18.7   \n",
       "\n",
       "        B  LSTAT  MEDV  \n",
       "0  396.90   4.98  24.0  \n",
       "1  396.90   9.14  21.6  \n",
       "2  392.83   4.03  34.7  \n",
       "3  394.63   2.94  33.4  \n",
       "4  396.90    NaN  36.2  "
      ]
     },
     "execution_count": 3,
     "metadata": {},
     "output_type": "execute_result"
    }
   ],
   "source": [
    "boston = pd.read_csv(r'C:\\Users\\Vatsal\\Desktop\\projects\\Data Sets\\Self\\boston-housing-dataset\\HousingData.csv')\n",
    "print(boston.shape)\n",
    "boston.head()"
   ]
  },
  {
   "cell_type": "code",
   "execution_count": 4,
   "metadata": {},
   "outputs": [
    {
     "data": {
      "text/plain": [
       "(506, 14)"
      ]
     },
     "execution_count": 4,
     "metadata": {},
     "output_type": "execute_result"
    }
   ],
   "source": [
    "df = pd.DataFrame(boston)\n",
    "df.shape"
   ]
  },
  {
   "cell_type": "code",
   "execution_count": 5,
   "metadata": {},
   "outputs": [
    {
     "data": {
      "text/html": [
       "<div>\n",
       "<style scoped>\n",
       "    .dataframe tbody tr th:only-of-type {\n",
       "        vertical-align: middle;\n",
       "    }\n",
       "\n",
       "    .dataframe tbody tr th {\n",
       "        vertical-align: top;\n",
       "    }\n",
       "\n",
       "    .dataframe thead th {\n",
       "        text-align: right;\n",
       "    }\n",
       "</style>\n",
       "<table border=\"1\" class=\"dataframe\">\n",
       "  <thead>\n",
       "    <tr style=\"text-align: right;\">\n",
       "      <th></th>\n",
       "      <th>CRIM</th>\n",
       "      <th>ZN</th>\n",
       "      <th>INDUS</th>\n",
       "      <th>CHAS</th>\n",
       "      <th>NOX</th>\n",
       "      <th>RM</th>\n",
       "      <th>AGE</th>\n",
       "      <th>DIS</th>\n",
       "      <th>RAD</th>\n",
       "      <th>TAX</th>\n",
       "      <th>PTRATIO</th>\n",
       "      <th>B</th>\n",
       "      <th>LSTAT</th>\n",
       "      <th>MEDV</th>\n",
       "    </tr>\n",
       "  </thead>\n",
       "  <tbody>\n",
       "    <tr>\n",
       "      <td>count</td>\n",
       "      <td>486.000000</td>\n",
       "      <td>486.000000</td>\n",
       "      <td>486.000000</td>\n",
       "      <td>486.000000</td>\n",
       "      <td>506.000000</td>\n",
       "      <td>506.000000</td>\n",
       "      <td>486.000000</td>\n",
       "      <td>506.000000</td>\n",
       "      <td>506.000000</td>\n",
       "      <td>506.000000</td>\n",
       "      <td>506.000000</td>\n",
       "      <td>506.000000</td>\n",
       "      <td>486.000000</td>\n",
       "      <td>506.000000</td>\n",
       "    </tr>\n",
       "    <tr>\n",
       "      <td>mean</td>\n",
       "      <td>3.611874</td>\n",
       "      <td>11.211934</td>\n",
       "      <td>11.083992</td>\n",
       "      <td>0.069959</td>\n",
       "      <td>0.554695</td>\n",
       "      <td>6.284634</td>\n",
       "      <td>68.518519</td>\n",
       "      <td>3.795043</td>\n",
       "      <td>9.549407</td>\n",
       "      <td>408.237154</td>\n",
       "      <td>18.455534</td>\n",
       "      <td>356.674032</td>\n",
       "      <td>12.715432</td>\n",
       "      <td>22.532806</td>\n",
       "    </tr>\n",
       "    <tr>\n",
       "      <td>std</td>\n",
       "      <td>8.720192</td>\n",
       "      <td>23.388876</td>\n",
       "      <td>6.835896</td>\n",
       "      <td>0.255340</td>\n",
       "      <td>0.115878</td>\n",
       "      <td>0.702617</td>\n",
       "      <td>27.999513</td>\n",
       "      <td>2.105710</td>\n",
       "      <td>8.707259</td>\n",
       "      <td>168.537116</td>\n",
       "      <td>2.164946</td>\n",
       "      <td>91.294864</td>\n",
       "      <td>7.155871</td>\n",
       "      <td>9.197104</td>\n",
       "    </tr>\n",
       "    <tr>\n",
       "      <td>min</td>\n",
       "      <td>0.006320</td>\n",
       "      <td>0.000000</td>\n",
       "      <td>0.460000</td>\n",
       "      <td>0.000000</td>\n",
       "      <td>0.385000</td>\n",
       "      <td>3.561000</td>\n",
       "      <td>2.900000</td>\n",
       "      <td>1.129600</td>\n",
       "      <td>1.000000</td>\n",
       "      <td>187.000000</td>\n",
       "      <td>12.600000</td>\n",
       "      <td>0.320000</td>\n",
       "      <td>1.730000</td>\n",
       "      <td>5.000000</td>\n",
       "    </tr>\n",
       "    <tr>\n",
       "      <td>25%</td>\n",
       "      <td>0.081900</td>\n",
       "      <td>0.000000</td>\n",
       "      <td>5.190000</td>\n",
       "      <td>0.000000</td>\n",
       "      <td>0.449000</td>\n",
       "      <td>5.885500</td>\n",
       "      <td>45.175000</td>\n",
       "      <td>2.100175</td>\n",
       "      <td>4.000000</td>\n",
       "      <td>279.000000</td>\n",
       "      <td>17.400000</td>\n",
       "      <td>375.377500</td>\n",
       "      <td>7.125000</td>\n",
       "      <td>17.025000</td>\n",
       "    </tr>\n",
       "    <tr>\n",
       "      <td>50%</td>\n",
       "      <td>0.253715</td>\n",
       "      <td>0.000000</td>\n",
       "      <td>9.690000</td>\n",
       "      <td>0.000000</td>\n",
       "      <td>0.538000</td>\n",
       "      <td>6.208500</td>\n",
       "      <td>76.800000</td>\n",
       "      <td>3.207450</td>\n",
       "      <td>5.000000</td>\n",
       "      <td>330.000000</td>\n",
       "      <td>19.050000</td>\n",
       "      <td>391.440000</td>\n",
       "      <td>11.430000</td>\n",
       "      <td>21.200000</td>\n",
       "    </tr>\n",
       "    <tr>\n",
       "      <td>75%</td>\n",
       "      <td>3.560262</td>\n",
       "      <td>12.500000</td>\n",
       "      <td>18.100000</td>\n",
       "      <td>0.000000</td>\n",
       "      <td>0.624000</td>\n",
       "      <td>6.623500</td>\n",
       "      <td>93.975000</td>\n",
       "      <td>5.188425</td>\n",
       "      <td>24.000000</td>\n",
       "      <td>666.000000</td>\n",
       "      <td>20.200000</td>\n",
       "      <td>396.225000</td>\n",
       "      <td>16.955000</td>\n",
       "      <td>25.000000</td>\n",
       "    </tr>\n",
       "    <tr>\n",
       "      <td>max</td>\n",
       "      <td>88.976200</td>\n",
       "      <td>100.000000</td>\n",
       "      <td>27.740000</td>\n",
       "      <td>1.000000</td>\n",
       "      <td>0.871000</td>\n",
       "      <td>8.780000</td>\n",
       "      <td>100.000000</td>\n",
       "      <td>12.126500</td>\n",
       "      <td>24.000000</td>\n",
       "      <td>711.000000</td>\n",
       "      <td>22.000000</td>\n",
       "      <td>396.900000</td>\n",
       "      <td>37.970000</td>\n",
       "      <td>50.000000</td>\n",
       "    </tr>\n",
       "  </tbody>\n",
       "</table>\n",
       "</div>"
      ],
      "text/plain": [
       "             CRIM          ZN       INDUS        CHAS         NOX          RM  \\\n",
       "count  486.000000  486.000000  486.000000  486.000000  506.000000  506.000000   \n",
       "mean     3.611874   11.211934   11.083992    0.069959    0.554695    6.284634   \n",
       "std      8.720192   23.388876    6.835896    0.255340    0.115878    0.702617   \n",
       "min      0.006320    0.000000    0.460000    0.000000    0.385000    3.561000   \n",
       "25%      0.081900    0.000000    5.190000    0.000000    0.449000    5.885500   \n",
       "50%      0.253715    0.000000    9.690000    0.000000    0.538000    6.208500   \n",
       "75%      3.560262   12.500000   18.100000    0.000000    0.624000    6.623500   \n",
       "max     88.976200  100.000000   27.740000    1.000000    0.871000    8.780000   \n",
       "\n",
       "              AGE         DIS         RAD         TAX     PTRATIO           B  \\\n",
       "count  486.000000  506.000000  506.000000  506.000000  506.000000  506.000000   \n",
       "mean    68.518519    3.795043    9.549407  408.237154   18.455534  356.674032   \n",
       "std     27.999513    2.105710    8.707259  168.537116    2.164946   91.294864   \n",
       "min      2.900000    1.129600    1.000000  187.000000   12.600000    0.320000   \n",
       "25%     45.175000    2.100175    4.000000  279.000000   17.400000  375.377500   \n",
       "50%     76.800000    3.207450    5.000000  330.000000   19.050000  391.440000   \n",
       "75%     93.975000    5.188425   24.000000  666.000000   20.200000  396.225000   \n",
       "max    100.000000   12.126500   24.000000  711.000000   22.000000  396.900000   \n",
       "\n",
       "            LSTAT        MEDV  \n",
       "count  486.000000  506.000000  \n",
       "mean    12.715432   22.532806  \n",
       "std      7.155871    9.197104  \n",
       "min      1.730000    5.000000  \n",
       "25%      7.125000   17.025000  \n",
       "50%     11.430000   21.200000  \n",
       "75%     16.955000   25.000000  \n",
       "max     37.970000   50.000000  "
      ]
     },
     "execution_count": 5,
     "metadata": {},
     "output_type": "execute_result"
    }
   ],
   "source": [
    "df.describe()"
   ]
  },
  {
   "cell_type": "code",
   "execution_count": 6,
   "metadata": {},
   "outputs": [
    {
     "data": {
      "text/plain": [
       "CRIM       485\n",
       "ZN          27\n",
       "INDUS       77\n",
       "CHAS         3\n",
       "NOX         81\n",
       "RM         446\n",
       "AGE        349\n",
       "DIS        412\n",
       "RAD          9\n",
       "TAX         66\n",
       "PTRATIO     46\n",
       "B          357\n",
       "LSTAT      439\n",
       "MEDV       229\n",
       "dtype: int64"
      ]
     },
     "execution_count": 6,
     "metadata": {},
     "output_type": "execute_result"
    }
   ],
   "source": [
    "df.apply(lambda df:len(df.unique()))"
   ]
  },
  {
   "cell_type": "code",
   "execution_count": 7,
   "metadata": {},
   "outputs": [
    {
     "data": {
      "text/plain": [
       "0.0    452\n",
       "1.0     34\n",
       "Name: CHAS, dtype: int64"
      ]
     },
     "execution_count": 7,
     "metadata": {},
     "output_type": "execute_result"
    }
   ],
   "source": [
    "df['CHAS'].value_counts()"
   ]
  },
  {
   "cell_type": "markdown",
   "metadata": {},
   "source": [
    "We see some difference for unique values in 'CHAS'variable because of the missing values present "
   ]
  },
  {
   "cell_type": "code",
   "execution_count": 8,
   "metadata": {},
   "outputs": [
    {
     "data": {
      "text/plain": [
       "24    132\n",
       "5     115\n",
       "4     110\n",
       "3      38\n",
       "6      26\n",
       "8      24\n",
       "2      24\n",
       "1      20\n",
       "7      17\n",
       "Name: RAD, dtype: int64"
      ]
     },
     "execution_count": 8,
     "metadata": {},
     "output_type": "execute_result"
    }
   ],
   "source": [
    "df['RAD'].value_counts()"
   ]
  },
  {
   "cell_type": "code",
   "execution_count": 9,
   "metadata": {
    "scrolled": true
   },
   "outputs": [
    {
     "data": {
      "text/plain": [
       "CRIM       float64\n",
       "ZN         float64\n",
       "INDUS      float64\n",
       "CHAS       float64\n",
       "NOX        float64\n",
       "RM         float64\n",
       "AGE        float64\n",
       "DIS        float64\n",
       "RAD          int64\n",
       "TAX          int64\n",
       "PTRATIO    float64\n",
       "B          float64\n",
       "LSTAT      float64\n",
       "MEDV       float64\n",
       "dtype: object"
      ]
     },
     "execution_count": 9,
     "metadata": {},
     "output_type": "execute_result"
    }
   ],
   "source": [
    "df.dtypes"
   ]
  },
  {
   "cell_type": "code",
   "execution_count": 10,
   "metadata": {},
   "outputs": [
    {
     "data": {
      "text/plain": [
       "CRIM       20\n",
       "ZN         20\n",
       "INDUS      20\n",
       "CHAS       20\n",
       "NOX         0\n",
       "RM          0\n",
       "AGE        20\n",
       "DIS         0\n",
       "RAD         0\n",
       "TAX         0\n",
       "PTRATIO     0\n",
       "B           0\n",
       "LSTAT      20\n",
       "MEDV        0\n",
       "dtype: int64"
      ]
     },
     "execution_count": 10,
     "metadata": {},
     "output_type": "execute_result"
    }
   ],
   "source": [
    "df.isnull().sum()"
   ]
  },
  {
   "cell_type": "code",
   "execution_count": 11,
   "metadata": {},
   "outputs": [],
   "source": [
    "df['CRIM'].fillna(df['CRIM'].median(), inplace = True)\n",
    "df['ZN'].fillna(df['ZN'].median(), inplace = True)\n",
    "df['INDUS'].fillna(df['INDUS'].median(), inplace = True)\n",
    "df['CHAS'].fillna(df['CHAS'].median(), inplace = True)\n",
    "df['AGE'].fillna(df['AGE'].median(), inplace = True)\n",
    "df['LSTAT'].fillna(df['LSTAT'].median(), inplace = True)"
   ]
  },
  {
   "cell_type": "code",
   "execution_count": 12,
   "metadata": {},
   "outputs": [
    {
     "data": {
      "text/plain": [
       "CRIM       0\n",
       "ZN         0\n",
       "INDUS      0\n",
       "CHAS       0\n",
       "NOX        0\n",
       "RM         0\n",
       "AGE        0\n",
       "DIS        0\n",
       "RAD        0\n",
       "TAX        0\n",
       "PTRATIO    0\n",
       "B          0\n",
       "LSTAT      0\n",
       "MEDV       0\n",
       "dtype: int64"
      ]
     },
     "execution_count": 12,
     "metadata": {},
     "output_type": "execute_result"
    }
   ],
   "source": [
    "df.isnull().sum()"
   ]
  },
  {
   "cell_type": "code",
   "execution_count": 13,
   "metadata": {},
   "outputs": [
    {
     "data": {
      "text/plain": [
       "0.0    472\n",
       "1.0     34\n",
       "Name: CHAS, dtype: int64"
      ]
     },
     "execution_count": 13,
     "metadata": {},
     "output_type": "execute_result"
    }
   ],
   "source": [
    "df['CHAS'].value_counts()"
   ]
  },
  {
   "cell_type": "code",
   "execution_count": 14,
   "metadata": {},
   "outputs": [
    {
     "data": {
      "text/html": [
       "<div>\n",
       "<style scoped>\n",
       "    .dataframe tbody tr th:only-of-type {\n",
       "        vertical-align: middle;\n",
       "    }\n",
       "\n",
       "    .dataframe tbody tr th {\n",
       "        vertical-align: top;\n",
       "    }\n",
       "\n",
       "    .dataframe thead th {\n",
       "        text-align: right;\n",
       "    }\n",
       "</style>\n",
       "<table border=\"1\" class=\"dataframe\">\n",
       "  <thead>\n",
       "    <tr style=\"text-align: right;\">\n",
       "      <th></th>\n",
       "      <th>CRIM</th>\n",
       "      <th>ZN</th>\n",
       "      <th>INDUS</th>\n",
       "      <th>CHAS</th>\n",
       "      <th>NOX</th>\n",
       "      <th>RM</th>\n",
       "      <th>AGE</th>\n",
       "      <th>DIS</th>\n",
       "      <th>RAD</th>\n",
       "      <th>TAX</th>\n",
       "      <th>PTRATIO</th>\n",
       "      <th>B</th>\n",
       "      <th>LSTAT</th>\n",
       "      <th>MEDV</th>\n",
       "    </tr>\n",
       "  </thead>\n",
       "  <tbody>\n",
       "    <tr>\n",
       "      <td>CRIM</td>\n",
       "      <td>1.000000</td>\n",
       "      <td>-0.185359</td>\n",
       "      <td>0.392632</td>\n",
       "      <td>-0.055585</td>\n",
       "      <td>0.410971</td>\n",
       "      <td>-0.220045</td>\n",
       "      <td>0.343427</td>\n",
       "      <td>-0.366025</td>\n",
       "      <td>0.601224</td>\n",
       "      <td>0.560469</td>\n",
       "      <td>0.277964</td>\n",
       "      <td>-0.365336</td>\n",
       "      <td>0.437417</td>\n",
       "      <td>-0.383895</td>\n",
       "    </tr>\n",
       "    <tr>\n",
       "      <td>ZN</td>\n",
       "      <td>-0.185359</td>\n",
       "      <td>1.000000</td>\n",
       "      <td>-0.507304</td>\n",
       "      <td>-0.032992</td>\n",
       "      <td>-0.498619</td>\n",
       "      <td>0.312295</td>\n",
       "      <td>-0.535341</td>\n",
       "      <td>0.632428</td>\n",
       "      <td>-0.300061</td>\n",
       "      <td>-0.304385</td>\n",
       "      <td>-0.394622</td>\n",
       "      <td>0.170125</td>\n",
       "      <td>-0.398838</td>\n",
       "      <td>0.362292</td>\n",
       "    </tr>\n",
       "    <tr>\n",
       "      <td>INDUS</td>\n",
       "      <td>0.392632</td>\n",
       "      <td>-0.507304</td>\n",
       "      <td>1.000000</td>\n",
       "      <td>0.054693</td>\n",
       "      <td>0.738387</td>\n",
       "      <td>-0.377978</td>\n",
       "      <td>0.614248</td>\n",
       "      <td>-0.698621</td>\n",
       "      <td>0.592735</td>\n",
       "      <td>0.716267</td>\n",
       "      <td>0.385366</td>\n",
       "      <td>-0.354840</td>\n",
       "      <td>0.564508</td>\n",
       "      <td>-0.476394</td>\n",
       "    </tr>\n",
       "    <tr>\n",
       "      <td>CHAS</td>\n",
       "      <td>-0.055585</td>\n",
       "      <td>-0.032992</td>\n",
       "      <td>0.054693</td>\n",
       "      <td>1.000000</td>\n",
       "      <td>0.070867</td>\n",
       "      <td>0.106797</td>\n",
       "      <td>0.074984</td>\n",
       "      <td>-0.092318</td>\n",
       "      <td>-0.003339</td>\n",
       "      <td>-0.035822</td>\n",
       "      <td>-0.109451</td>\n",
       "      <td>0.050608</td>\n",
       "      <td>-0.047279</td>\n",
       "      <td>0.183844</td>\n",
       "    </tr>\n",
       "    <tr>\n",
       "      <td>NOX</td>\n",
       "      <td>0.410971</td>\n",
       "      <td>-0.498619</td>\n",
       "      <td>0.738387</td>\n",
       "      <td>0.070867</td>\n",
       "      <td>1.000000</td>\n",
       "      <td>-0.302188</td>\n",
       "      <td>0.711864</td>\n",
       "      <td>-0.769230</td>\n",
       "      <td>0.611441</td>\n",
       "      <td>0.668023</td>\n",
       "      <td>0.188933</td>\n",
       "      <td>-0.380051</td>\n",
       "      <td>0.573040</td>\n",
       "      <td>-0.427321</td>\n",
       "    </tr>\n",
       "    <tr>\n",
       "      <td>RM</td>\n",
       "      <td>-0.220045</td>\n",
       "      <td>0.312295</td>\n",
       "      <td>-0.377978</td>\n",
       "      <td>0.106797</td>\n",
       "      <td>-0.302188</td>\n",
       "      <td>1.000000</td>\n",
       "      <td>-0.239518</td>\n",
       "      <td>0.205246</td>\n",
       "      <td>-0.209847</td>\n",
       "      <td>-0.292048</td>\n",
       "      <td>-0.355501</td>\n",
       "      <td>0.128069</td>\n",
       "      <td>-0.604323</td>\n",
       "      <td>0.695360</td>\n",
       "    </tr>\n",
       "    <tr>\n",
       "      <td>AGE</td>\n",
       "      <td>0.343427</td>\n",
       "      <td>-0.535341</td>\n",
       "      <td>0.614248</td>\n",
       "      <td>0.074984</td>\n",
       "      <td>0.711864</td>\n",
       "      <td>-0.239518</td>\n",
       "      <td>1.000000</td>\n",
       "      <td>-0.724354</td>\n",
       "      <td>0.447088</td>\n",
       "      <td>0.498408</td>\n",
       "      <td>0.261826</td>\n",
       "      <td>-0.268029</td>\n",
       "      <td>0.575022</td>\n",
       "      <td>-0.377572</td>\n",
       "    </tr>\n",
       "    <tr>\n",
       "      <td>DIS</td>\n",
       "      <td>-0.366025</td>\n",
       "      <td>0.632428</td>\n",
       "      <td>-0.698621</td>\n",
       "      <td>-0.092318</td>\n",
       "      <td>-0.769230</td>\n",
       "      <td>0.205246</td>\n",
       "      <td>-0.724354</td>\n",
       "      <td>1.000000</td>\n",
       "      <td>-0.494588</td>\n",
       "      <td>-0.534432</td>\n",
       "      <td>-0.232471</td>\n",
       "      <td>0.291512</td>\n",
       "      <td>-0.483244</td>\n",
       "      <td>0.249929</td>\n",
       "    </tr>\n",
       "    <tr>\n",
       "      <td>RAD</td>\n",
       "      <td>0.601224</td>\n",
       "      <td>-0.300061</td>\n",
       "      <td>0.592735</td>\n",
       "      <td>-0.003339</td>\n",
       "      <td>0.611441</td>\n",
       "      <td>-0.209847</td>\n",
       "      <td>0.447088</td>\n",
       "      <td>-0.494588</td>\n",
       "      <td>1.000000</td>\n",
       "      <td>0.910228</td>\n",
       "      <td>0.464741</td>\n",
       "      <td>-0.444413</td>\n",
       "      <td>0.467765</td>\n",
       "      <td>-0.381626</td>\n",
       "    </tr>\n",
       "    <tr>\n",
       "      <td>TAX</td>\n",
       "      <td>0.560469</td>\n",
       "      <td>-0.304385</td>\n",
       "      <td>0.716267</td>\n",
       "      <td>-0.035822</td>\n",
       "      <td>0.668023</td>\n",
       "      <td>-0.292048</td>\n",
       "      <td>0.498408</td>\n",
       "      <td>-0.534432</td>\n",
       "      <td>0.910228</td>\n",
       "      <td>1.000000</td>\n",
       "      <td>0.460853</td>\n",
       "      <td>-0.441808</td>\n",
       "      <td>0.524156</td>\n",
       "      <td>-0.468536</td>\n",
       "    </tr>\n",
       "    <tr>\n",
       "      <td>PTRATIO</td>\n",
       "      <td>0.277964</td>\n",
       "      <td>-0.394622</td>\n",
       "      <td>0.385366</td>\n",
       "      <td>-0.109451</td>\n",
       "      <td>0.188933</td>\n",
       "      <td>-0.355501</td>\n",
       "      <td>0.261826</td>\n",
       "      <td>-0.232471</td>\n",
       "      <td>0.464741</td>\n",
       "      <td>0.460853</td>\n",
       "      <td>1.000000</td>\n",
       "      <td>-0.177383</td>\n",
       "      <td>0.370727</td>\n",
       "      <td>-0.507787</td>\n",
       "    </tr>\n",
       "    <tr>\n",
       "      <td>B</td>\n",
       "      <td>-0.365336</td>\n",
       "      <td>0.170125</td>\n",
       "      <td>-0.354840</td>\n",
       "      <td>0.050608</td>\n",
       "      <td>-0.380051</td>\n",
       "      <td>0.128069</td>\n",
       "      <td>-0.268029</td>\n",
       "      <td>0.291512</td>\n",
       "      <td>-0.444413</td>\n",
       "      <td>-0.441808</td>\n",
       "      <td>-0.177383</td>\n",
       "      <td>1.000000</td>\n",
       "      <td>-0.370993</td>\n",
       "      <td>0.333461</td>\n",
       "    </tr>\n",
       "    <tr>\n",
       "      <td>LSTAT</td>\n",
       "      <td>0.437417</td>\n",
       "      <td>-0.398838</td>\n",
       "      <td>0.564508</td>\n",
       "      <td>-0.047279</td>\n",
       "      <td>0.573040</td>\n",
       "      <td>-0.604323</td>\n",
       "      <td>0.575022</td>\n",
       "      <td>-0.483244</td>\n",
       "      <td>0.467765</td>\n",
       "      <td>0.524156</td>\n",
       "      <td>0.370727</td>\n",
       "      <td>-0.370993</td>\n",
       "      <td>1.000000</td>\n",
       "      <td>-0.723093</td>\n",
       "    </tr>\n",
       "    <tr>\n",
       "      <td>MEDV</td>\n",
       "      <td>-0.383895</td>\n",
       "      <td>0.362292</td>\n",
       "      <td>-0.476394</td>\n",
       "      <td>0.183844</td>\n",
       "      <td>-0.427321</td>\n",
       "      <td>0.695360</td>\n",
       "      <td>-0.377572</td>\n",
       "      <td>0.249929</td>\n",
       "      <td>-0.381626</td>\n",
       "      <td>-0.468536</td>\n",
       "      <td>-0.507787</td>\n",
       "      <td>0.333461</td>\n",
       "      <td>-0.723093</td>\n",
       "      <td>1.000000</td>\n",
       "    </tr>\n",
       "  </tbody>\n",
       "</table>\n",
       "</div>"
      ],
      "text/plain": [
       "             CRIM        ZN     INDUS      CHAS       NOX        RM       AGE  \\\n",
       "CRIM     1.000000 -0.185359  0.392632 -0.055585  0.410971 -0.220045  0.343427   \n",
       "ZN      -0.185359  1.000000 -0.507304 -0.032992 -0.498619  0.312295 -0.535341   \n",
       "INDUS    0.392632 -0.507304  1.000000  0.054693  0.738387 -0.377978  0.614248   \n",
       "CHAS    -0.055585 -0.032992  0.054693  1.000000  0.070867  0.106797  0.074984   \n",
       "NOX      0.410971 -0.498619  0.738387  0.070867  1.000000 -0.302188  0.711864   \n",
       "RM      -0.220045  0.312295 -0.377978  0.106797 -0.302188  1.000000 -0.239518   \n",
       "AGE      0.343427 -0.535341  0.614248  0.074984  0.711864 -0.239518  1.000000   \n",
       "DIS     -0.366025  0.632428 -0.698621 -0.092318 -0.769230  0.205246 -0.724354   \n",
       "RAD      0.601224 -0.300061  0.592735 -0.003339  0.611441 -0.209847  0.447088   \n",
       "TAX      0.560469 -0.304385  0.716267 -0.035822  0.668023 -0.292048  0.498408   \n",
       "PTRATIO  0.277964 -0.394622  0.385366 -0.109451  0.188933 -0.355501  0.261826   \n",
       "B       -0.365336  0.170125 -0.354840  0.050608 -0.380051  0.128069 -0.268029   \n",
       "LSTAT    0.437417 -0.398838  0.564508 -0.047279  0.573040 -0.604323  0.575022   \n",
       "MEDV    -0.383895  0.362292 -0.476394  0.183844 -0.427321  0.695360 -0.377572   \n",
       "\n",
       "              DIS       RAD       TAX   PTRATIO         B     LSTAT      MEDV  \n",
       "CRIM    -0.366025  0.601224  0.560469  0.277964 -0.365336  0.437417 -0.383895  \n",
       "ZN       0.632428 -0.300061 -0.304385 -0.394622  0.170125 -0.398838  0.362292  \n",
       "INDUS   -0.698621  0.592735  0.716267  0.385366 -0.354840  0.564508 -0.476394  \n",
       "CHAS    -0.092318 -0.003339 -0.035822 -0.109451  0.050608 -0.047279  0.183844  \n",
       "NOX     -0.769230  0.611441  0.668023  0.188933 -0.380051  0.573040 -0.427321  \n",
       "RM       0.205246 -0.209847 -0.292048 -0.355501  0.128069 -0.604323  0.695360  \n",
       "AGE     -0.724354  0.447088  0.498408  0.261826 -0.268029  0.575022 -0.377572  \n",
       "DIS      1.000000 -0.494588 -0.534432 -0.232471  0.291512 -0.483244  0.249929  \n",
       "RAD     -0.494588  1.000000  0.910228  0.464741 -0.444413  0.467765 -0.381626  \n",
       "TAX     -0.534432  0.910228  1.000000  0.460853 -0.441808  0.524156 -0.468536  \n",
       "PTRATIO -0.232471  0.464741  0.460853  1.000000 -0.177383  0.370727 -0.507787  \n",
       "B        0.291512 -0.444413 -0.441808 -0.177383  1.000000 -0.370993  0.333461  \n",
       "LSTAT   -0.483244  0.467765  0.524156  0.370727 -0.370993  1.000000 -0.723093  \n",
       "MEDV     0.249929 -0.381626 -0.468536 -0.507787  0.333461 -0.723093  1.000000  "
      ]
     },
     "execution_count": 14,
     "metadata": {},
     "output_type": "execute_result"
    }
   ],
   "source": [
    "df.corr()"
   ]
  },
  {
   "cell_type": "code",
   "execution_count": 15,
   "metadata": {},
   "outputs": [
    {
     "data": {
      "text/plain": [
       "<matplotlib.axes._subplots.AxesSubplot at 0x13fb0b892c8>"
      ]
     },
     "execution_count": 15,
     "metadata": {},
     "output_type": "execute_result"
    },
    {
     "data": {
